4 0.541118 0.311264 0.054981 0.056144
4 0.433506 0.388418 0.039474 0.045198
4 0.276551 0.371645 0.037124 0.039901
4 0.903783 0.435911 0.038769 0.042020
3 0.431391 0.352048 0.049342 0.036723
3 0.546405 0.279838 0.081532 0.037782
3 0.899906 0.402189 0.049342 0.051554
3 0.119596 0.326095 0.059211 0.070975
2 0.478031 0.518891 0.074483 0.056144
2 0.480851 0.569209 0.042998 0.092514
2 0.888510 0.451977 0.023731 0.082627
2 0.930099 0.540784 0.048637 0.095692
2 0.292528 0.682556 0.059211 0.128531
2 0.162242 0.664371 0.032190 0.087924
0 0.086466 0.543432 0.164004 0.554379
0 0.223919 0.622175 0.156955 0.641243
0 0.293703 0.552613 0.124060 0.576977
0 0.410714 0.576624 0.133459 0.672316
0 0.537829 0.546257 0.132519 0.694915
0 0.762453 0.588453 0.104793 0.582274
0 0.885103 0.679555 0.170583 0.640890
