4 0.492778 0.244444 0.021111 0.066667
4 0.137222 0.220000 0.025556 0.071111
3 0.481667 0.194444 0.081111 0.095556
3 0.686667 0.148889 0.097778 0.084444
3 0.123889 0.166667 0.116667 0.106667
3 0.860000 0.234444 0.053333 0.095556
2 0.494444 0.443333 0.102222 0.171111
2 0.392222 0.536667 0.042222 0.144444
2 0.830556 0.635556 0.061111 0.093333
0 0.110000 0.513333 0.217778 0.840000
0 0.260000 0.527778 0.126667 0.851111
0 0.321111 0.516667 0.115556 0.793333
0 0.447222 0.534444 0.143333 0.904444
0 0.680556 0.595556 0.127778 0.791111
0 0.696667 0.342222 0.160000 0.466667
0 0.871111 0.582222 0.146667 0.826667
