1 0.116429 0.417500 0.072857 0.125000
1 0.476429 0.422500 0.067143 0.100000
1 0.608571 0.427500 0.068571 0.100000
1 0.774286 0.430000 0.080000 0.110000
1 0.280714 0.480000 0.072857 0.120000
4 0.113571 0.437500 0.047143 0.060000
4 0.286429 0.510000 0.032857 0.060000
4 0.353571 0.517500 0.038571 0.040000
4 0.481429 0.425000 0.045714 0.050000
4 0.610714 0.448750 0.050000 0.037500
4 0.772857 0.443750 0.054286 0.047500
3 0.112143 0.386250 0.087143 0.062500
3 0.283571 0.478750 0.052857 0.052500
3 0.356429 0.491250 0.058571 0.057500
3 0.475714 0.391250 0.068571 0.077500
3 0.608571 0.412500 0.048571 0.045000
3 0.774286 0.412500 0.062857 0.045000
2 0.025714 0.742500 0.051429 0.110000
2 0.193571 0.703750 0.075714 0.127500
2 0.251429 0.731250 0.094286 0.092500
2 0.338571 0.690000 0.068571 0.085000
2 0.408571 0.673750 0.065714 0.102500
2 0.531429 0.643750 0.051429 0.072500
2 0.678571 0.661250 0.057143 0.112500
2 0.710714 0.673750 0.052857 0.107500
2 0.837857 0.705000 0.050000 0.090000
0 0.115000 0.603750 0.181429 0.637500
0 0.257857 0.588750 0.141429 0.547500
0 0.350714 0.598750 0.087143 0.482500
0 0.487143 0.580000 0.120000 0.545000
0 0.608571 0.645000 0.148571 0.630000
0 0.780714 0.667500 0.152857 0.620000
