1 0.208333 0.182500 0.100000 0.140000
1 0.363333 0.205000 0.090000 0.130000
1 0.514167 0.201250 0.085000 0.152500
1 0.759167 0.208750 0.085000 0.167500
4 0.372500 0.218750 0.058333 0.067500
4 0.521667 0.195000 0.050000 0.070000
4 0.751667 0.216250 0.046667 0.057500
4 0.209167 0.197500 0.051667 0.070000
4 0.140000 0.186250 0.050000 0.052500
2 0.069167 0.383750 0.068333 0.082500
2 0.290833 0.533750 0.098333 0.182500
2 0.385833 0.462500 0.091667 0.145000
2 0.525833 0.351250 0.088333 0.162500
2 0.632500 0.482500 0.028333 0.145000
2 0.756667 0.323750 0.083333 0.212500
0 0.155000 0.511250 0.256667 0.897500
0 0.365833 0.505000 0.191667 0.945000
0 0.542500 0.506250 0.148333 0.912500
0 0.740000 0.532500 0.163333 0.935000
