4 0.344532 0.229858 0.043478 0.042654
4 0.450593 0.244076 0.057971 0.071090
4 0.519763 0.194313 0.051383 0.075829
4 0.595520 0.225118 0.073781 0.090047
4 0.727273 0.161137 0.065876 0.061611
4 0.162055 0.156398 0.050066 0.052133
4 0.297760 0.155213 0.068511 0.059242
3 0.159420 0.131517 0.065876 0.049763
3 0.442688 0.191943 0.057971 0.056872
3 0.339921 0.196682 0.081686 0.042654
3 0.596838 0.177725 0.086957 0.056872
3 0.716074 0.104265 0.072464 0.075829
2 0.102767 0.475118 0.123847 0.116114
2 0.205534 0.478673 0.097497 0.056872
2 0.276021 0.631517 0.059289 0.116114
2 0.412385 0.626777 0.076416 0.092417
2 0.505929 0.571090 0.057971 0.113744
2 0.668643 0.617299 0.069829 0.135071
2 0.789855 0.518957 0.038208 0.118483
0 0.139657 0.524882 0.187088 0.912322
0 0.283267 0.412322 0.100132 0.687204
0 0.347167 0.571090 0.159420 0.781991
0 0.436100 0.527251 0.118577 0.902844
0 0.507246 0.318720 0.089592 0.537915
0 0.605402 0.548578 0.135705 0.902844
0 0.754282 0.510664 0.183136 0.978673
