4 0.067083 0.190625 0.039167 0.036250
4 0.100000 0.184375 0.025000 0.023750
4 0.148750 0.178750 0.042500 0.042500
4 0.225833 0.182500 0.045000 0.045000
4 0.305000 0.173125 0.056667 0.058750
4 0.405833 0.132500 0.045000 0.042500
4 0.519583 0.207500 0.062500 0.062500
4 0.636250 0.211250 0.047500 0.077500
4 0.717083 0.171250 0.052500 0.055000
4 0.856667 0.181875 0.073333 0.101250
2 0.862917 0.618750 0.079167 0.117500
2 0.784583 0.570625 0.052500 0.113750
2 0.655833 0.573750 0.065000 0.100000
2 0.572917 0.543125 0.044167 0.091250
2 0.541667 0.490000 0.075000 0.092500
2 0.453750 0.470000 0.079167 0.090000
2 0.370833 0.413750 0.063333 0.077500
2 0.270000 0.430625 0.070000 0.071250
2 0.192083 0.385000 0.032500 0.117500
2 0.132917 0.397500 0.035833 0.055000
0 0.887917 0.516875 0.205833 0.936250
0 0.752083 0.466875 0.159167 0.878750
0 0.629167 0.430000 0.140000 0.722500
0 0.525417 0.392500 0.142500 0.775000
0 0.424167 0.436250 0.115000 0.782500
0 0.338750 0.402500 0.149167 0.667500
0 0.249583 0.396250 0.152500 0.645000
0 0.187500 0.367500 0.128333 0.572500
0 0.117083 0.335000 0.072500 0.510000
0 0.065000 0.339375 0.066667 0.526250
