4 0.486875 0.330025 0.053750 0.084367
4 0.635000 0.290323 0.032500 0.074442
4 0.195000 0.318859 0.037500 0.052109
4 0.047500 0.267990 0.037500 0.049628
4 0.120625 0.219603 0.026250 0.042184
4 0.150625 0.243176 0.021250 0.024814
4 0.736250 0.296526 0.022500 0.032258
4 0.691250 0.265509 0.015000 0.029777
4 0.841875 0.347395 0.028750 0.054591
4 0.957500 0.468983 0.040000 0.084367
4 0.426875 0.232010 0.038750 0.042184
1 0.633125 0.275434 0.061250 0.143921
1 0.197500 0.307692 0.055000 0.124069
0 0.189375 0.606700 0.193750 0.781638
0 0.628750 0.560794 0.162500 0.784119
