4 0.545500 0.249167 0.071000 0.085000
4 0.907500 0.379167 0.055000 0.055000
3 0.416500 0.283333 0.081000 0.096667
3 0.531500 0.213333 0.099000 0.046667
3 0.757000 0.293333 0.078000 0.036667
3 0.885000 0.347500 0.110000 0.051667
3 0.256500 0.260000 0.073000 0.083333
3 0.077500 0.268333 0.109000 0.066667
2 0.145500 0.670000 0.045000 0.140000
2 0.281500 0.668333 0.085000 0.093333
2 0.464500 0.548333 0.099000 0.136667
0 0.082500 0.546667 0.159000 0.733333
0 0.213000 0.610000 0.140000 0.770000
0 0.276500 0.551667 0.139000 0.773333
0 0.415000 0.579167 0.168000 0.768333
0 0.559000 0.525833 0.204000 0.795000
0 0.793000 0.582500 0.156000 0.811667
0 0.916500 0.617500 0.163000 0.751667
