4 0.647619 0.418539 0.034921 0.039326
4 0.530159 0.377809 0.034921 0.014045
4 0.509524 0.316011 0.025397 0.030899
4 0.684921 0.346910 0.030159 0.053371
4 0.762698 0.345506 0.039683 0.056180
4 0.827778 0.375000 0.042857 0.047753
4 0.807937 0.492978 0.057143 0.064607
4 0.920635 0.443820 0.038095 0.050562
4 0.602381 0.279494 0.026984 0.047753
4 0.485714 0.286517 0.038095 0.033708
4 0.386508 0.280899 0.042857 0.033708
4 0.371429 0.244382 0.019048 0.044944
4 0.446032 0.216292 0.031746 0.044944
4 0.473016 0.227528 0.025397 0.039326
0 0.807937 0.699438 0.111111 0.601124
0 0.923810 0.580056 0.117460 0.598315
0 0.633333 0.609551 0.142857 0.601124
0 0.516667 0.514045 0.096825 0.432584
0 0.392857 0.394663 0.125397 0.379213
0 0.286508 0.370787 0.096825 0.314607
0 0.215873 0.325843 0.073016 0.247191
0 0.157937 0.250000 0.087302 0.241573
