3 0.112037 0.214638 0.057407 0.044408
4 0.112963 0.276316 0.077778 0.095395
2 0.030556 0.845395 0.051852 0.115132
2 0.200000 0.789474 0.037037 0.118421
2 0.361574 0.902138 0.058333 0.100329
2 0.538889 0.856086 0.050000 0.133224
2 0.737500 0.812500 0.039815 0.154605
2 0.798611 0.821546 0.052778 0.139803
2 0.981481 0.819079 0.033333 0.134868
3 0.459259 0.217928 0.050000 0.037829
4 0.456481 0.284539 0.057407 0.095395
4 0.656019 0.282895 0.045370 0.085526
4 0.934722 0.146382 0.045370 0.115132
4 0.711111 0.237664 0.016667 0.031250
4 0.239815 0.211349 0.033333 0.041118
0 0.114352 0.558388 0.228704 0.873355
0 0.396759 0.558388 0.219444 0.873355
0 0.623611 0.547697 0.269444 0.901316
0 0.878704 0.497533 0.237037 0.995066
