3 0.204734 0.200000 0.075740 0.063636
3 0.374556 0.095455 0.053254 0.045455
3 0.597041 0.127273 0.060355 0.059091
3 0.900000 0.125000 0.029586 0.050000
4 0.205917 0.264773 0.073373 0.084091
4 0.375740 0.154545 0.053254 0.081818
4 0.598225 0.176136 0.057988 0.079545
4 0.897041 0.200000 0.042604 0.109091
2 0.076331 0.892045 0.041420 0.179545
2 0.313018 0.912500 0.048521 0.161364
2 0.433728 0.507955 0.046154 0.115909
2 0.604142 0.393182 0.067456 0.095455
2 0.698225 0.957955 0.054438 0.075000
2 0.955621 0.752273 0.062722 0.081818
0 0.188166 0.521591 0.262722 0.947727
0 0.372189 0.498864 0.214201 0.993182
0 0.571006 0.506818 0.192899 0.981818
0 0.823077 0.498864 0.334911 0.984091
