3 0.206509 0.202273 0.072189 0.059091
3 0.378107 0.098864 0.057988 0.047727
3 0.599408 0.130682 0.048521 0.043182
3 0.899408 0.126136 0.028402 0.056818
4 0.204142 0.257955 0.065089 0.079545
4 0.376331 0.160227 0.052071 0.084091
4 0.597633 0.176136 0.052071 0.075000
4 0.896450 0.205682 0.036686 0.093182
2 0.073964 0.889773 0.039053 0.184091
2 0.311834 0.894318 0.046154 0.193182
2 0.430178 0.501136 0.043787 0.106818
2 0.602367 0.393182 0.073373 0.090909
2 0.957396 0.745455 0.056805 0.072727
2 0.697041 0.937500 0.056805 0.120455
0 0.200592 0.525000 0.285207 0.940909
0 0.375148 0.500000 0.210651 0.995455
0 0.570414 0.504545 0.196450 0.977273
0 0.824852 0.498864 0.333728 0.988636
