4 0.341250 0.456875 0.034167 0.041250
1 0.346250 0.453125 0.074167 0.108750
2 0.276667 0.770000 0.036667 0.085000
2 0.403750 0.774375 0.034167 0.081250
2 0.564583 0.538125 0.017500 0.028750
2 0.637083 0.547500 0.012500 0.027500
2 0.754583 0.461875 0.010833 0.016250
4 0.602083 0.394375 0.019167 0.028750
4 0.733750 0.363125 0.010833 0.018750
1 0.604167 0.386250 0.033333 0.060000
1 0.735417 0.359375 0.034167 0.036250
0 0.347500 0.682500 0.183333 0.620000
0 0.602917 0.525625 0.094167 0.356250
0 0.734167 0.445000 0.053333 0.222500
