     0/299    0.606G    0.1075   0.04231   0.04999    0.1998        22       640  0.000368   0.01038 1.563e-05 2.905e-06   0.09099   0.06045   0.04716
     1/299     1.05G    0.1027   0.04274   0.04855     0.194        24       640  0.009026   0.03417  0.002563  0.000396   0.09196   0.05895   0.04602
     2/299     1.05G    0.1009   0.04352   0.04704    0.1914        22       640  0.005295   0.08189  0.002902 0.0004858   0.09687   0.05545   0.04632
     3/299     1.05G   0.09965   0.04394   0.04585    0.1894        21       640  0.005828   0.06114  0.003151 0.0005387   0.09529   0.05633   0.04513
     4/299     1.05G   0.09837   0.04197   0.04497    0.1853        23       640  0.006427   0.03715  0.002672 0.0004258   0.09476   0.05675   0.04421
     5/299     1.05G   0.09862    0.0424   0.04429    0.1853        25       640  0.005279   0.04398  0.002612  0.000419   0.09518   0.05623   0.04404
     6/299     1.05G    0.0982   0.04309   0.04409    0.1854        29       640  0.004857   0.07357  0.002775 0.0004183   0.09348   0.05725   0.04314
     7/299     1.05G   0.09747    0.0441   0.04326    0.1848        22       640  0.005464   0.04834  0.003722 0.0008341   0.09275   0.05779    0.0429
     8/299     1.05G   0.09725   0.04268   0.04299    0.1829        24       640  0.007483   0.04579  0.003102 0.0004982   0.09274   0.05759   0.04265
     9/299     1.05G   0.09672   0.04443   0.04263    0.1838        41       640  0.004967   0.06474  0.002434 0.0003689   0.09231   0.05777   0.04248
    10/299     1.05G   0.09555   0.04436    0.0423    0.1822        29       640  0.004277   0.05461  0.002204 0.0003569   0.09162   0.05788   0.04231
    11/299     1.05G   0.09482   0.04396   0.04213    0.1809        22       640  0.005031   0.06886  0.002723 0.0004088   0.09101   0.05852   0.04202
    12/299     1.05G   0.09391   0.04624   0.04193    0.1821        19       640  0.004242   0.08081  0.001853 0.0002889   0.09022   0.05913   0.04184
    13/299     1.05G   0.09322   0.04547   0.04197    0.1807        22       640   0.00364   0.05184  0.001953 0.0003104   0.08995   0.05933   0.04162
    14/299     1.05G   0.09287     0.045   0.04164    0.1795        48       640  0.007816  0.008279  0.002257 0.0003985   0.08903   0.05988   0.04141
    15/299     1.05G   0.09258   0.04517   0.04165    0.1794        22       640  0.004694    0.1379  0.002745 0.0004326     0.088   0.06033   0.04125
    16/299     1.05G   0.09168    0.0458   0.04102    0.1785        21       640  0.008902   0.01193  0.003525 0.0005682   0.08774   0.06032   0.04113
    17/299     1.05G   0.09137   0.04658   0.04122    0.1792        26       640  0.009422   0.02104  0.004302 0.0007524   0.08731   0.06033   0.04078
    18/299     1.05G   0.09156   0.04579   0.04097    0.1783        22       640   0.01722    0.0386  0.008542  0.001376   0.08679   0.05988   0.04051
    19/299     1.05G   0.09039   0.04464   0.04069    0.1757        25       640   0.02218   0.03873   0.01166  0.002044   0.08623   0.05973   0.04024
    20/299     1.05G   0.09039   0.04562   0.04027    0.1763        27       640    0.4329   0.02958   0.01575  0.003277   0.08604   0.05959   0.04004
    21/299     1.05G   0.08979   0.04347   0.03996    0.1732        28       640    0.2213    0.0456   0.01332  0.002989   0.08575   0.05967   0.03995
    22/299     1.05G   0.08907   0.04516   0.04003    0.1743        22       640    0.4283   0.02958   0.01533  0.003276   0.08549   0.05985   0.03971
    23/299     1.05G   0.08919   0.04382   0.04004    0.1731        26       640    0.2288   0.05442   0.01482  0.003161   0.08518   0.05994   0.03931
    24/299     1.05G    0.0886   0.04515   0.03948    0.1732        22       640    0.4339   0.03024   0.01459   0.00277   0.08484      0.06   0.03907
    25/299     1.05G   0.08775   0.04564   0.03935    0.1727        41       640    0.4247   0.06226   0.01415  0.002737   0.08477   0.05958   0.03879
    26/299     1.05G   0.08807   0.04502   0.03901    0.1721        22       640    0.2482   0.04941   0.01691  0.003497   0.08452   0.05962   0.03826
    27/299     1.05G    0.0873   0.04479   0.03874    0.1708        23       640    0.2374   0.05509    0.0188  0.003789   0.08404   0.05957   0.03785
    28/299     1.05G   0.08761   0.04502   0.03823    0.1709        24       640      0.44   0.04469   0.01739   0.00334   0.08372   0.05953   0.03761
    29/299     1.05G   0.08676   0.04451   0.03827    0.1695        35       640    0.2421   0.04034   0.01865  0.004057   0.08353   0.05936   0.03745
    30/299     1.05G   0.08682   0.04517   0.03807    0.1701        22       640     0.239   0.06887   0.01674  0.003433   0.08308   0.05957   0.03706
    31/299     1.05G   0.08711   0.04495   0.03756    0.1696        28       640   0.02871   0.06825   0.01497  0.003112    0.0831   0.05957   0.03684
    32/299     1.05G   0.08723   0.04503   0.03747    0.1697        38       640    0.2304   0.07119    0.0198  0.003718   0.08272   0.05982   0.03657
    33/299     1.05G   0.08614   0.04564   0.03718     0.169        29       640    0.2456   0.07348   0.01968   0.00414   0.08256   0.05979    0.0363
    34/299     1.05G   0.08577   0.04497   0.03655    0.1673        16       640    0.2825   0.08964   0.02104  0.004083   0.08225   0.05981   0.03589
    35/299     1.05G   0.08573   0.04553    0.0364    0.1677        42       640    0.2467   0.09966   0.02213  0.004497   0.08203   0.05958   0.03567
    36/299     1.05G   0.08595    0.0434   0.03653    0.1659        56       640    0.2449   0.07309   0.02258  0.004685   0.08183   0.05961    0.0354
    37/299     1.05G   0.08532   0.04656   0.03644    0.1683        22       640    0.2646    0.1142   0.02662   0.00532   0.08157   0.05902   0.03511
    38/299     1.05G   0.08566   0.04513    0.0362     0.167        39       640   0.04932    0.1474   0.02931  0.006393   0.08139    0.0593   0.03465
    39/299     1.05G   0.08441    0.0439   0.03533    0.1636        22       640   0.06195    0.1184   0.03355  0.006969   0.08108   0.05929   0.03423
    40/299     1.05G   0.08428   0.04471   0.03502     0.164        25       640   0.09116   0.09723   0.03155  0.006917   0.08105   0.05942   0.03409
    41/299     1.05G   0.08458   0.04425   0.03483    0.1637        31       640    0.2765    0.1224   0.03425   0.00754   0.08112   0.05867   0.03381
    42/299     1.05G   0.08349   0.04374   0.03452    0.1618        24       640    0.2922    0.1089    0.0388   0.00841   0.08045   0.05859   0.03351
    43/299     1.05G   0.08386   0.04328    0.0344    0.1615        22       640    0.1319   0.09211   0.04041  0.009698   0.08033   0.05897   0.03316
    44/299     1.05G   0.08321   0.04423   0.03436    0.1618        17       640    0.3314   0.09276   0.04297   0.01103   0.07993   0.05866   0.03303
