     0/299    0.459G    0.1083   0.07322   0.02113    0.2026        62       416   0.02009   0.05333  0.005271  0.001013    0.1046   0.04229   0.03349
     1/299    0.891G    0.1006    0.0625   0.01341    0.1765        74       416   0.09633    0.1053   0.05049  0.009211   0.09367   0.03808   0.02448
     2/299    0.893G   0.09522   0.05488   0.01048    0.1606        75       416    0.1246    0.3359    0.1032   0.02214    0.0891   0.03236   0.01892
     3/299    0.895G   0.09226   0.05214  0.008477    0.1529       105       416    0.1794    0.2861    0.1366   0.02946   0.08643   0.02996   0.01594
     4/299    0.898G   0.08875   0.05186  0.007755    0.1484        79       416    0.1773    0.3315    0.1609   0.03709   0.08432    0.0293   0.01448
     5/299      0.9G   0.08658   0.05179  0.006889    0.1453        64       416    0.2154    0.2919    0.1766   0.04314   0.08258   0.02908    0.0144
     6/299      0.9G    0.0851    0.0518   0.00665    0.1435        80       416    0.2264    0.3317     0.189   0.04783   0.08095   0.02913   0.01504
     7/299      0.9G   0.08193   0.05083  0.005712    0.1385        83       416    0.2219    0.3627    0.2057   0.05443   0.07899   0.02922   0.01436
     8/299      0.9G   0.08131   0.05132  0.005331     0.138        92       416    0.2522    0.3838     0.242   0.06645   0.07677   0.02948   0.01368
     9/299      0.9G     0.079   0.05184  0.004817    0.1357       100       416    0.2875    0.3909    0.2607   0.07503   0.07495   0.02972   0.01396
    10/299      0.9G   0.07593   0.04794  0.004491    0.1284        70       416    0.3224    0.3857     0.288   0.08867   0.07293   0.03008   0.01403
    11/299      0.9G   0.07531   0.05298  0.003995    0.1323        76       416    0.3315    0.4177    0.2998   0.09546   0.07124   0.03022   0.01349
    12/299      0.9G   0.07312    0.0523  0.004434    0.1299        77       416    0.3375    0.4372    0.3121   0.09661   0.07027   0.03042   0.01412
    13/299      0.9G    0.0727   0.05192  0.003403     0.128        62       416    0.3731    0.4404    0.3376    0.1091   0.06877   0.03057   0.01324
    14/299      0.9G   0.07197   0.05254  0.003623    0.1281        72       416    0.4053    0.4257    0.3506    0.1175   0.06763    0.0306   0.01284
    15/299      0.9G   0.07027   0.05308  0.003668     0.127       108       416    0.4152    0.4335    0.3622    0.1208   0.06632   0.03076   0.01404
    16/299      0.9G   0.06948   0.05278   0.00349    0.1258        74       416    0.4239     0.432    0.3677    0.1224   0.06553   0.03083   0.01334
    17/299      0.9G   0.06857   0.05364  0.003177    0.1254        71       416    0.4601    0.4569    0.3913    0.1316   0.06487   0.03072   0.01373
    18/299      0.9G   0.06771   0.05187  0.003197    0.1228        91       416    0.4111    0.4585    0.3872    0.1318   0.06339   0.03096   0.01391
    19/299      0.9G   0.06604   0.05232  0.003439    0.1218        76       416    0.4213    0.4802     0.405    0.1402     0.063   0.03088   0.01297
    20/299      0.9G   0.06645   0.05299  0.003024    0.1225       129       416    0.4396    0.4628    0.4088    0.1448   0.06318   0.03103   0.01355
    21/299      0.9G   0.06557    0.0522  0.002952    0.1207        86       416    0.4969    0.4515     0.431    0.1527   0.06202    0.0311   0.01283
    22/299      0.9G    0.0644   0.05272  0.002568    0.1197       112       416    0.5482    0.4206    0.4346    0.1566   0.06127   0.03101   0.01285
    23/299      0.9G   0.06581   0.05348   0.00257    0.1219        84       416    0.5099    0.4525    0.4356    0.1586   0.06106   0.03103   0.01385
    24/299      0.9G   0.06486   0.05309  0.002844    0.1208       110       416    0.5018    0.4597    0.4387    0.1605   0.06017   0.03101   0.01465
    25/299      0.9G   0.06418    0.0533  0.002817    0.1203        63       416    0.4803    0.4733    0.4312     0.149   0.06161   0.03104    0.0137
    26/299      0.9G   0.06356   0.05242  0.002853    0.1188        68       416    0.4664    0.4847     0.431    0.1531   0.06197   0.03066   0.01364
    27/299      0.9G   0.06381   0.05215  0.003067     0.119        83       416     0.402    0.5016    0.4043    0.1407   0.06131   0.03088   0.01705
    28/299      0.9G   0.06388   0.05127  0.002898     0.118        69       416    0.5251    0.3967    0.3956    0.1289   0.06358   0.03101   0.01638
    29/299      0.9G   0.06508   0.05347  0.002735    0.1213        73       416    0.4526    0.4788    0.4198    0.1401   0.05998   0.03122   0.01202
    30/299      0.9G   0.06269   0.05124  0.003286    0.1172        69       416     0.454      0.45     0.407    0.1358   0.06067   0.03055   0.01284
    31/299      0.9G   0.06285   0.05176  0.002766    0.1174        77       416    0.5135    0.4323    0.4426    0.1548   0.06158   0.03062   0.01177
    32/299      0.9G   0.06526   0.05142  0.002626    0.1193        92       416    0.4801    0.4707    0.4318    0.1522   0.06402   0.03059   0.01244
    33/299      0.9G   0.06542   0.05006  0.002807    0.1183       129       416    0.5452    0.4594    0.4513    0.1546   0.06136   0.03048   0.01225
    34/299      0.9G   0.06415   0.05198  0.003325    0.1195        72       416    0.4892    0.4451    0.4281    0.1548   0.05898   0.03081   0.01399
    35/299      0.9G   0.06229   0.05138    0.0029    0.1166        70       416    0.5031     0.479    0.4499    0.1621   0.05859   0.03098   0.01161
    36/299      0.9G   0.06271   0.05202    0.0031    0.1178        66       416    0.3776    0.4824    0.3964    0.1515    0.0623   0.03038   0.01487
    37/299      0.9G   0.06076   0.05276  0.002449     0.116        69       416    0.5719    0.4368    0.4671    0.1748   0.05824   0.03124   0.01468
    38/299      0.9G   0.06183   0.05189  0.002727    0.1164        72       416    0.5014    0.4471    0.4401     0.167   0.05846   0.03051   0.01477
    39/299      0.9G   0.06107   0.05247  0.002282    0.1158        81       416     0.451      0.49    0.4468    0.1732   0.05797   0.03059   0.01309
    40/299      0.9G   0.06031   0.05171  0.002614    0.1146        74       416     0.502    0.4846    0.4566    0.1643   0.05789   0.03073   0.01504
    41/299      0.9G   0.06147   0.05116  0.003057    0.1157        90       416    0.4793    0.4519    0.4386    0.1456   0.05951   0.03065   0.01293
    42/299      0.9G   0.06005   0.05205   0.00269    0.1148        72       416    0.5067    0.4593    0.4332    0.1554    0.0595   0.03065   0.01351
    43/299      0.9G    0.0628   0.05221  0.002771    0.1178       101       416    0.4656     0.502     0.469    0.1717   0.05943   0.03047   0.01456
    44/299      0.9G   0.06244   0.04969  0.002571    0.1147        68       416    0.5356     0.434    0.4399    0.1576   0.06016   0.03096   0.01397
    45/299      0.9G    0.0615   0.04992  0.002485    0.1139        96       416     0.519    0.4911    0.4557    0.1561   0.06033   0.03075   0.01179
    46/299      0.9G   0.06307   0.05078  0.002849    0.1167        69       416    0.4683    0.5043    0.4607    0.1671   0.05872   0.03053   0.01428
    47/299      0.9G   0.06241   0.05125  0.002848    0.1165        60       416    0.4267    0.4838    0.4102    0.1459   0.05891   0.03093   0.01353
    48/299      0.9G   0.06207   0.05157   0.00277    0.1164        94       416    0.4833     0.521    0.4338    0.1428   0.06074   0.03216   0.01279
    49/299      0.9G   0.06179    0.0495  0.002922    0.1142        68       416    0.4552    0.4997    0.4402    0.1595   0.05784   0.03079   0.01492
    50/299      0.9G   0.06201    0.0532  0.002946    0.1182       105       416    0.4725    0.3918    0.3558    0.1273   0.06035   0.03399   0.01728
    51/299      0.9G   0.06124   0.05085  0.002356    0.1145        97       416    0.5358    0.4317    0.4466    0.1593   0.06053    0.0303   0.01428
    52/299      0.9G   0.06339   0.05077  0.002825     0.117        81       416    0.4361    0.4738    0.4369    0.1651   0.05948   0.03072     0.015
    53/299      0.9G   0.06211   0.05214  0.003074    0.1173        74       416    0.4072    0.3923     0.348   0.09466   0.06168   0.03559    0.0272
    54/299      0.9G   0.06208   0.05107  0.003149    0.1163        79       416    0.4953    0.3841    0.3768    0.1229   0.06334   0.03441   0.02188
    55/299      0.9G   0.06325   0.05114  0.003289    0.1177        78       416    0.3305    0.4879    0.3528    0.1175   0.06362   0.03196   0.02222
    56/299      0.9G   0.06511   0.05075  0.003181     0.119        89       416    0.3228    0.5081    0.3894    0.1415   0.06185   0.03141   0.02157
    57/299      0.9G   0.06248   0.05243  0.002973    0.1179        74       416      0.37    0.3452    0.2932   0.08582   0.06251   0.05771   0.03829
    58/299      0.9G   0.05977   0.05198  0.003341    0.1151        73       416    0.6591    0.2123    0.2162   0.06016   0.07104   0.09041    0.0391
    59/299      0.9G   0.06006   0.05063  0.003328     0.114       108       416     0.787    0.1826    0.2698   0.09463    0.0696    0.0464   0.06024
    60/299      0.9G   0.05947   0.05195   0.00331    0.1147        94       416    0.7294    0.2007    0.2911   0.09879    0.0699   0.04332   0.05037
    61/299      0.9G   0.05869   0.05129   0.00366    0.1136        74       416    0.4328    0.1309   0.08501   0.01897   0.07614    0.6802   0.04435
    62/299      0.9G   0.05971   0.05339  0.003918     0.117        65       416    0.4726   0.08969   0.07291   0.01601   0.09089    0.4687   0.04122
    63/299      0.9G   0.06071   0.05313  0.004237    0.1181        87       416     0.451   0.07001   0.05158   0.01008   0.09538    0.3849   0.06014
    64/299      0.9G   0.06359   0.05338  0.005031     0.122        85       416    0.4675    0.1447   0.07331   0.01371   0.09594    0.2984   0.06228
    65/299      0.9G   0.06317   0.05636  0.005567    0.1251        92       416    0.0598   0.07819  0.006562  0.001576    0.1199     4.716   0.05204
    66/299      0.9G   0.06349   0.06025  0.008492    0.1322        68       416         0         0         0         0    0.1286     12.15   0.09025
    67/299      0.9G   0.06585   0.06429   0.01033    0.1405        76       416         0         0         0         0      0.13     15.28   0.07191
    68/299      0.9G   0.06618   0.06285   0.01042    0.1394        89       416 0.0007876   0.01282 0.0001308 2.261e-05    0.1257     14.84    0.1095
    69/299      0.9G     0.065   0.06598  0.008584    0.1396        75       416   0.01135  0.005786 0.0006247 9.052e-05    0.1254     23.37   0.07049
    70/299      0.9G   0.06826   0.07094   0.01089    0.1501        67       416         0         0         0         0    0.1503     31.45    0.1842
    71/299      0.9G   0.07051    0.0726   0.01291     0.156       101       416         0         0         0         0    0.1478      27.6    0.1828
    72/299      0.9G   0.07038   0.07248   0.01589    0.1587        72       416         0         0         0         0    0.1441     15.21   0.09258
    73/299      0.9G   0.07104   0.08377   0.01428    0.1691       104       416         0         0         0         0    0.1525     19.09   0.08964
