     0/299   0.0818G    0.1237   0.04392   0.04066    0.2083        16       416  0.003964  0.005698 0.0001785 3.708e-05    0.1215   0.02553   0.03994
     1/299    0.455G    0.1235   0.04343   0.04033    0.2072        18       416    0.3503  0.002849 0.0002746 8.011e-05    0.1218   0.02608   0.04018
     2/299    0.457G    0.1226   0.04327   0.04018     0.206        18       416    0.3535  0.002849 0.0003516 9.257e-05    0.1221   0.02611   0.04036
     3/299    0.457G    0.1232   0.04349    0.0406    0.2073        18       416    0.3552  0.002849 0.0003451 9.436e-05    0.1219   0.02623   0.04034
     4/299    0.457G    0.1235   0.04399   0.04078    0.2082         9       416    0.3554  0.002849  0.000366 9.795e-05    0.1221   0.02619   0.04037
     5/299    0.459G    0.1241   0.04356   0.04099    0.2087         5       416    0.3575  0.002849 0.0003377 9.913e-05    0.1222   0.02614   0.04038
     6/299    0.459G    0.1243   0.04394   0.04068     0.209         8       416    0.3554  0.002849 0.0003143 9.262e-05    0.1221   0.02614   0.04032
     7/299    0.459G    0.1233   0.04326   0.04043     0.207        18       416    0.3562  0.002849 0.0003537 9.849e-05     0.122   0.02624   0.04035
     8/299    0.459G    0.1232   0.04368   0.04027    0.2071        18       416     0.356  0.002849  0.000381 9.881e-05    0.1219   0.02629   0.04033
     9/299    0.459G    0.1231   0.04409   0.04041    0.2076        20       416     0.365  0.002849 0.0004129 0.0001208    0.1219   0.02632   0.04039
    10/299    0.459G    0.1232   0.04058   0.04049    0.2043        18       416    0.3552  0.002849 0.0003669 0.0001006    0.1218   0.02633   0.04035
    11/299    0.459G     0.123   0.04448   0.04036    0.2078        18       416     0.358  0.002849 0.0003415 0.0001027    0.1218    0.0264   0.04026
    12/299    0.459G    0.1241   0.04414    0.0405    0.2087        23       416    0.3561  0.002849 0.0003644 0.0001008    0.1218   0.02643    0.0403
    13/299    0.459G    0.1243   0.04387   0.04076    0.2089        13       416     0.357  0.002849 0.0003377 9.955e-05    0.1218   0.02639   0.04039
    14/299    0.459G    0.1236   0.04391   0.04082    0.2084        18       416    0.3668  0.002849 0.0004418 0.0001276    0.1217   0.02644   0.04036
    15/299    0.459G     0.123   0.04439   0.04055     0.208        18       416     0.359  0.002849 0.0003778 0.0001095    0.1217   0.02655   0.04036
    16/299    0.459G    0.1227   0.04406   0.04027     0.207        18       416    0.3586  0.002849 0.0003688 0.0001032    0.1218   0.02642   0.04037
    17/299    0.461G    0.1233   0.04496    0.0406    0.2089        18       416    0.3552  0.002849 0.0003698 9.789e-05    0.1218   0.02643   0.04036
    18/299    0.461G    0.1237   0.04306   0.04053    0.2072        18       416    0.3604  0.002849 0.0003465 0.0001049    0.1218   0.02637   0.04039
    19/299    0.461G    0.1225    0.0434   0.04038    0.2063        18       416    0.3635  0.002849 0.0003825 0.0001138    0.1216    0.0265   0.04037
    20/299    0.461G    0.1223   0.04445   0.04061    0.2073        18       416     0.361  0.002849 0.0003783 0.0001104    0.1216   0.02649   0.04036
    21/299    0.461G    0.1232   0.04463   0.04048    0.2083        29       416     0.358  0.002849 0.0003666 0.0001046    0.1216   0.02646   0.04038
    22/299    0.461G    0.1224   0.04459   0.04034    0.2074        18       416    0.3518  0.002849 0.0003411 8.531e-05    0.1214   0.02662    0.0403
    23/299    0.461G    0.1239   0.04463   0.04061    0.2091        19       416    0.3616  0.002849 0.0004079 0.0001197    0.1213   0.02662   0.04033
    24/299    0.461G    0.1233   0.04493   0.04066    0.2089        30       416     0.362  0.002849 0.0003935 0.0001153    0.1213   0.02659   0.04035
    25/299    0.461G     0.122    0.0448   0.04009    0.2069        18       416    0.3599  0.002849 0.0003596 0.0001079    0.1212   0.02667   0.04036
    26/299    0.461G    0.1228   0.04465   0.04033    0.2078        18       416    0.3519  0.002849 0.0003356 8.906e-05    0.1211   0.02672    0.0403
    27/299    0.461G    0.1224    0.0441   0.04058     0.207        18       416    0.3673  0.002849 0.0004081 0.0001258     0.121   0.02675   0.04034
    28/299    0.461G    0.1231   0.04368    0.0407    0.2074        17       416    0.3565  0.002849 0.0003515 9.718e-05    0.1211   0.02661   0.04037
    29/299    0.461G    0.1232   0.04544   0.04072    0.2094        17       416    0.3594  0.002849 0.0003729 0.0001052     0.121   0.02666   0.04035
    30/299    0.461G    0.1223   0.04333   0.04061    0.2063        18       416    0.3607  0.002849 0.0003598 0.0001072     0.121   0.02667   0.04035
    31/299    0.461G    0.1225   0.04427   0.04053    0.2073         8       416    0.3617  0.002849 0.0003839 0.0001098    0.1209   0.02668   0.04034
    32/299    0.461G    0.1228   0.04406   0.04055    0.2074        18       416    0.3548  0.002849 0.0003758 9.829e-05     0.121   0.02657   0.04038
    33/299    0.461G     0.122    0.0428   0.04064    0.2054        38       416     0.359  0.002849 0.0003542 0.0001042    0.1209   0.02659   0.04031
    34/299    0.461G    0.1229   0.04403   0.04063    0.2075        18       416    0.3594  0.002849 0.0004004 0.0001142    0.1209   0.02657   0.04032
    35/299    0.461G    0.1226   0.04306   0.04079    0.2064        18       416    0.3623  0.002849 0.0003653 0.0001112    0.1208   0.02667   0.04025
    36/299    0.461G    0.1223   0.04472   0.04045    0.2074        14       416    0.3613  0.002849 0.0003784 0.0001093    0.1209   0.02658   0.04037
    37/299    0.461G    0.1219   0.04401   0.04049    0.2064        18       416    0.3601  0.002849 0.0003968 0.0001114    0.1209    0.0265   0.04037
    38/299    0.461G    0.1222   0.04324   0.04049    0.2059        18       416    0.7109  0.002849 0.0004553 0.0001503    0.1209   0.02652   0.04028
    39/299    0.461G    0.1224   0.04437   0.04032    0.2071        18       416    0.3597  0.002849 0.0003756 0.0001093     0.121   0.02643   0.04031
    40/299    0.461G     0.122   0.04419   0.04056    0.2067        16       416    0.3604  0.002849 0.0003932 0.0001145    0.1211   0.02636   0.04034
    41/299    0.461G    0.1225   0.04376   0.04044    0.2067        17       416     0.357  0.002849 0.0003805 0.0001078    0.1211   0.02632   0.04027
    42/299    0.461G    0.1224   0.04464    0.0406    0.2076        16       416    0.3528  0.002849 0.0003949 9.575e-05    0.1211   0.02636   0.04033
    43/299    0.461G    0.1224    0.0442   0.04045     0.207        18       416     0.355  0.002849 0.0003812 9.949e-05    0.1211   0.02636   0.04032
    44/299    0.461G    0.1219   0.04249   0.04024    0.2046        18       416     0.352  0.002849 0.0003244 8.355e-05    0.1212   0.02623   0.04032
    45/299    0.461G    0.1223   0.04191   0.04058    0.2048        18       416    0.3517  0.002849 0.0003218 8.586e-05    0.1211   0.02624   0.04033
    46/299    0.461G     0.122   0.04294   0.04011     0.205        18       416    0.3607  0.002849 0.0003805 0.0001072    0.1214   0.02604   0.04027
    47/299    0.461G    0.1227   0.04255   0.04053    0.2058        14       416    0.3675  0.002849 0.0004108 0.0001287    0.1214   0.02597   0.04035
    48/299    0.461G    0.1228   0.04157    0.0405    0.2049        18       416    0.3547  0.002849 0.0003526 9.386e-05    0.1215    0.0259   0.04034
    49/299    0.461G    0.1226    0.0417   0.04058    0.2049        14       416    0.3622  0.002849 0.0004094 0.0001214    0.1216   0.02586   0.04036
    50/299    0.461G    0.1226   0.04357   0.04051    0.2067        18       416    0.3623  0.002849 0.0003787 0.0001113    0.1214   0.02597   0.04032
    51/299    0.461G    0.1222    0.0418   0.04051    0.2045        18       416    0.3622  0.002849  0.000382  0.000115    0.1215   0.02583   0.04035
    52/299    0.461G     0.122   0.04191   0.04018    0.2041        18       416     0.377  0.002849 0.0004704 0.0001517    0.1217   0.02573   0.04034
    53/299    0.461G     0.122   0.04219   0.04035    0.2045        18       416    0.3716  0.002849 0.0004273 0.0001372    0.1216    0.0258   0.04038
    54/299    0.461G    0.1227   0.04166   0.04048    0.2048        17       416    0.3537  0.002849 0.0003808   9.6e-05    0.1216   0.02579    0.0403
    55/299    0.461G    0.1226   0.04287   0.04055     0.206        18       416    0.3649  0.002849 0.0004081 0.0001199    0.1216   0.02581   0.04034
    56/299    0.461G    0.1226   0.04282   0.04062     0.206        18       416    0.3724  0.002849 0.0004427 0.0001453    0.1215   0.02578   0.04031
    57/299    0.461G    0.1232   0.04301   0.04066    0.2069        17       416    0.3579  0.002849 0.0003712 0.0001054    0.1216   0.02576   0.04032
    58/299    0.461G    0.1227    0.0425    0.0405    0.2057        18       416     0.357  0.002849 0.0003633 9.935e-05    0.1215   0.02584   0.04027
    59/299    0.461G    0.1221   0.04148   0.04029    0.2039        18       416    0.3539  0.002849 0.0003811 9.559e-05    0.1215   0.02578   0.04035
    60/299    0.461G    0.1225   0.04208   0.04045    0.2051        18       416    0.3712  0.002849 0.0004266 0.0001359    0.1215   0.02581    0.0403
    61/299    0.461G     0.122   0.04174   0.04035    0.2041        18       416    0.3555  0.002849 0.0003525 9.402e-05    0.1216   0.02572    0.0403
    62/299    0.461G    0.1235   0.04187   0.04074    0.2061        16       416    0.3632  0.002849 0.0003955 0.0001148    0.1216   0.02578   0.04032
    63/299    0.461G    0.1229   0.04139   0.04075    0.2051        25       416    0.3653  0.004274 0.0007251 0.0001316    0.1216    0.0258   0.04034
    64/299    0.461G    0.1231   0.04135   0.04065    0.2051        18       416    0.3562  0.002849 0.0003357 9.252e-05    0.1216   0.02576    0.0403
    65/299    0.461G    0.1229   0.04214    0.0406    0.2057        18       416    0.3602  0.002849 0.0003948 0.0001088    0.1215   0.02582   0.04033
    66/299    0.461G    0.1221    0.0423   0.04033    0.2048        18       416    0.3552  0.002849 0.0003811 9.891e-05    0.1215    0.0258   0.04031
    67/299    0.461G    0.1229    0.0433   0.04058    0.2068        18       416    0.3585  0.002849 0.0003571 9.966e-05    0.1217   0.02573   0.04034
    68/299    0.461G    0.1219   0.04204   0.04027    0.2042        18       416    0.3541  0.002849 0.0003513 9.169e-05    0.1218   0.02562   0.04035
    69/299    0.461G    0.1221   0.04194   0.04058    0.2046        22       416    0.3604  0.002849 0.0003954 0.0001106    0.1216   0.02566    0.0403
    70/299    0.461G    0.1227   0.04281    0.0406    0.2061        10       416    0.3531  0.002849 0.0003725 9.258e-05    0.1218   0.02555   0.04025
    71/299    0.461G    0.1228   0.04249   0.04057    0.2059        18       416    0.3597  0.002849 0.0004183 0.0001101    0.1218   0.02558   0.04028
    72/299    0.461G    0.1227   0.04177   0.04049     0.205        17       416     0.365  0.002849 0.0004137 0.0001273    0.1219   0.02553   0.04028
    73/299    0.461G    0.1228   0.04178   0.04032    0.2049        18       416    0.3602  0.002849 0.0003966 0.0001069    0.1219   0.02549   0.04032
    74/299    0.461G    0.1221   0.04092   0.04044    0.2035        18       416    0.3638  0.002849 0.0004229 0.0001225    0.1218   0.02554   0.04028
    75/299    0.461G    0.1231   0.04306    0.0405    0.2066        13       416    0.3518  0.002849 0.0003581 9.069e-05    0.1219   0.02551   0.04029
    76/299    0.461G    0.1237   0.04189   0.04066    0.2063        18       416    0.3591  0.002849 0.0003606 0.0001037     0.122   0.02539   0.04032
    77/299    0.461G     0.123   0.04106   0.04063    0.2047        15       416    0.3534  0.002849  0.000345 9.244e-05    0.1219   0.02547   0.04032
    78/299    0.461G     0.123   0.04118   0.04058    0.2048        17       416    0.3567  0.002849  0.000338 9.443e-05    0.1219   0.02549    0.0403
    79/299    0.461G     0.122   0.04015   0.04046    0.2026        18       416    0.3533  0.002849 0.0003159 8.938e-05     0.122   0.02553   0.04028
    80/299    0.461G    0.1223    0.0416   0.04059    0.2045        18       416    0.3634  0.002849 0.0003881 0.0001174     0.122   0.02544   0.04031
    81/299    0.461G    0.1233   0.04273   0.04071    0.2067         7       416    0.3522  0.002849 0.0003278 8.596e-05    0.1221   0.02544    0.0403
    82/299    0.461G    0.1235    0.0428   0.04081    0.2071        15       416    0.3604  0.002849 0.0003791 0.0001133     0.122   0.02547   0.04027
    83/299    0.461G    0.1223    0.0435   0.04065    0.2064        18       416    0.3646  0.002849 0.0004214 0.0001199    0.1219   0.02556   0.04025
    84/299    0.461G    0.1238   0.04194   0.04054    0.2063        15       416     0.359  0.002849  0.000343 0.0001046    0.1219   0.02558   0.04034
    85/299    0.461G    0.1231   0.04257   0.04044    0.2061        18       416    0.3592  0.002849 0.0003551 0.0001044    0.1218   0.02564   0.04029
    86/299    0.461G    0.1231   0.04226   0.04045    0.2058        18       416    0.3634  0.002849 0.0004076 0.0001215    0.1219   0.02561   0.04031
    87/299    0.461G    0.1237   0.04279   0.04044    0.2069        55       416    0.3606  0.002849  0.000379 0.0001102     0.122    0.0255   0.04035
    88/299    0.461G    0.1234   0.04128   0.04046    0.2052        39       416    0.3579  0.002849 0.0003581  0.000106     0.122   0.02551   0.04033
    89/299    0.461G    0.1235   0.04146   0.04033    0.2053        17       416    0.3711  0.002849 0.0004508 0.0001398     0.122   0.02553   0.04034
    90/299    0.461G    0.1226   0.04226    0.0405    0.2054        18       416    0.3645  0.002849 0.0004156 0.0001216     0.122    0.0256   0.04035
    91/299    0.461G     0.124   0.04197   0.04086    0.2069        14       416    0.3638  0.002849 0.0004175 0.0001241    0.1219   0.02562   0.04027
    92/299    0.461G    0.1228    0.0422   0.04068    0.2057        17       416    0.3548  0.002849  0.000366 9.709e-05     0.122    0.0256   0.04033
    93/299    0.461G    0.1226   0.04208    0.0408    0.2055        14       416    0.3558  0.002849 0.0003491 9.618e-05     0.122    0.0256   0.04032
    94/299    0.461G    0.1233   0.04236   0.04063    0.2063        15       416    0.3581  0.002849  0.000372 0.0001045    0.1219   0.02558   0.04029
    95/299    0.461G    0.1229   0.04248   0.04078    0.2061        17       416    0.3574  0.002849 0.0003804 0.0001039     0.122   0.02558   0.04028
    96/299    0.461G    0.1228   0.04211   0.04021    0.2051        18       416    0.3558  0.002849 0.0003506 9.677e-05     0.122   0.02558   0.04028
    97/299    0.461G    0.1237   0.04215   0.04078    0.2067        21       416    0.3548  0.002849 0.0003738  9.93e-05    0.1219    0.0256   0.04032
    98/299    0.461G    0.1229   0.04252    0.0405     0.206        18       416    0.3556  0.002849 0.0003776 0.0001005     0.122   0.02557   0.04032
    99/299    0.461G    0.1233    0.0418   0.04039    0.2055        18       416    0.3562  0.002849 0.0003609 0.0001014    0.1219   0.02565   0.04027
   100/299    0.461G    0.1227    0.0421   0.04067    0.2054        18       416    0.3513  0.002849 0.0003197 8.645e-05     0.122   0.02559   0.04033
   101/299    0.461G    0.1228   0.04095    0.0403     0.204        18       416    0.3623  0.002849 0.0003764 0.0001117    0.1219   0.02555   0.04032
   102/299    0.461G    0.1236   0.04267   0.04096    0.2072        32       416    0.3569  0.002849 0.0003725  0.000103    0.1219   0.02562   0.04025
   103/299    0.461G    0.1229   0.04321    0.0406    0.2067        17       416    0.3609  0.002849 0.0004192   0.00012    0.1219   0.02563   0.04028
   104/299    0.461G    0.1234    0.0422   0.04084    0.2065         2       416    0.3599  0.002849 0.0003571 0.0001062    0.1218   0.02565   0.04025
   105/299    0.461G    0.1228   0.04264   0.04061    0.2061        18       416   0.02035  0.002849 0.0003578 9.282e-05    0.1217   0.02571   0.04029
   106/299    0.461G     0.123   0.04178   0.04067    0.2055        14       416    0.3551  0.002849 0.0003857 9.953e-05    0.1218   0.02567   0.04026
   107/299    0.461G    0.1231   0.04161   0.04076    0.2055        14       416    0.3677  0.002849 0.0004147 0.0001227    0.1218   0.02561   0.04025
   108/299    0.461G    0.1227   0.04247   0.04047    0.2056        18       416    0.3638  0.002849 0.0003973 0.0001178    0.1218   0.02561   0.04026
   109/299    0.461G    0.1234   0.04126   0.04073    0.2054        15       416    0.3546  0.002849 0.0003415 9.388e-05    0.1218   0.02563   0.04028
   110/299    0.461G    0.1219   0.04236    0.0402    0.2045        18       416     0.361  0.002849 0.0004056 0.0001127    0.1219   0.02556   0.04034
   111/299    0.461G    0.1228   0.04235   0.04062    0.2058        18       416    0.3522  0.002849 0.0003614 8.592e-05    0.1217   0.02566   0.04031
   112/299    0.461G    0.1235   0.04268    0.0406    0.2068        15       416    0.3562  0.002849 0.0003441  9.82e-05    0.1218   0.02561   0.04032
   113/299    0.461G    0.1233    0.0427   0.04054    0.2065        18       416    0.3615  0.002849 0.0004045 0.0001148    0.1219   0.02561   0.04032
   114/299    0.461G    0.1222   0.04205   0.04032    0.2045        16       416    0.3618  0.002849 0.0003858 0.0001145    0.1217   0.02565    0.0403
   115/299    0.461G    0.1232   0.04231   0.04071    0.2062        17       416    0.3658  0.002849 0.0004224 0.0001256    0.1217   0.02572   0.04028
   116/299    0.461G    0.1226   0.04324   0.04073    0.2065        31       416    0.3548  0.002849  0.000354 9.398e-05    0.1217   0.02565   0.04033
   117/299    0.461G    0.1226   0.04324   0.04056    0.2064        18       416    0.3587  0.002849 0.0003542 9.725e-05    0.1217   0.02567    0.0403
   118/299    0.461G    0.1221   0.04244   0.04038    0.2049        17       416     0.359  0.002849 0.0003541 0.0001009    0.1218   0.02565   0.04023
   119/299    0.461G    0.1221   0.04068    0.0403    0.2031        18       416    0.3599  0.002849 0.0003593 0.0001051    0.1218   0.02564   0.04027
   120/299    0.461G    0.1226   0.04256   0.04043    0.2056        18       416     0.355  0.002849 0.0003283 9.331e-05    0.1219   0.02558   0.04032
   121/299    0.461G     0.124   0.04283   0.04064    0.2075        14       416    0.3598  0.002849 0.0003901 0.0001103    0.1218   0.02557   0.04028
   122/299    0.461G    0.1235   0.04183   0.04069     0.206        16       416    0.3541  0.002849 0.0003631 9.279e-05    0.1218   0.02557   0.04025
   123/299    0.461G    0.1231     0.042   0.04061    0.2057        18       416    0.3549  0.002849 0.0003641 9.475e-05    0.1219   0.02553   0.04027
   124/299    0.461G    0.1227   0.04227   0.04049    0.2055        18       416    0.3636  0.002849 0.0004014 0.0001154    0.1219   0.02555   0.04029
   125/299    0.461G    0.1234   0.04199   0.04062     0.206        39       416    0.3589  0.002849 0.0003678 0.0001043    0.1219   0.02554   0.04028
   126/299    0.461G    0.1226   0.04236   0.04043    0.2054        18       416    0.3548  0.002849 0.0003833 9.484e-05    0.1219    0.0256   0.04023
   127/299    0.461G    0.1232   0.04248   0.04049    0.2062        15       416    0.3558  0.002849 0.0004156  0.000103    0.1216   0.02573   0.04027
   128/299    0.461G    0.1228   0.04197   0.04047    0.2052        18       416    0.3683  0.002849 0.0004298 0.0001274    0.1218   0.02565   0.04027
   129/299    0.461G    0.1229    0.0419   0.04053    0.2053        31       416    0.3521  0.002849 0.0003063 8.429e-05     0.122   0.02553   0.04027
   130/299    0.461G    0.1236   0.04159   0.04055    0.2057        14       416    0.3523  0.002849 0.0003295 8.756e-05    0.1219   0.02554   0.04028
   131/299    0.461G    0.1233   0.04377   0.04078    0.2079        14       416    0.3623  0.002849 0.0003927 0.0001117    0.1217   0.02569   0.04025
   132/299    0.461G    0.1227   0.04222   0.04044    0.2053        18       416    0.3518  0.002849 0.0003096 7.962e-05    0.1219   0.02555   0.04031
   133/299    0.461G    0.1234   0.04326   0.04064    0.2073        16       416    0.3552  0.002849 0.0003736 9.953e-05    0.1218   0.02558    0.0403
   134/299    0.461G    0.1236   0.04253   0.04048    0.2066        18       416    0.3554  0.002849 0.0003866 0.0001018    0.1217   0.02568   0.04027
   135/299    0.461G    0.1229   0.04293   0.04086    0.2067        18       416    0.3538  0.002849 0.0003518 9.101e-05    0.1216   0.02573   0.04021
   136/299    0.461G    0.1229   0.04176   0.04047    0.2051        18       416    0.3522  0.002849 0.0003386 8.817e-05    0.1218   0.02561   0.04029
   137/299    0.461G    0.1232   0.04239   0.04052    0.2061        14       416    0.3617  0.002849 0.0003747 0.0001097    0.1219   0.02552   0.04032
   138/299    0.461G    0.1229   0.04292   0.04041    0.2062        18       416     0.362  0.002849  0.000413 0.0001166    0.1217   0.02563   0.04026
   139/299    0.461G    0.1233   0.04235   0.04066    0.2063        18       416    0.3608  0.002849 0.0004309 0.0001175    0.1217   0.02561   0.04022
   140/299    0.461G    0.1234   0.04224    0.0407    0.2063         7       416    0.3555  0.002849  0.000371 9.596e-05    0.1219   0.02554   0.04026
   141/299    0.461G    0.1224    0.0425   0.04036    0.2053        18       416    0.3596  0.002849 0.0004082 0.0001158    0.1218   0.02562   0.04029
   142/299    0.461G    0.1235   0.04143   0.04045    0.2054        18       416    0.3561  0.002849 0.0003869 9.716e-05    0.1217   0.02565   0.04027
   143/299    0.461G    0.1231    0.0432   0.04054    0.2068        27       416    0.3568  0.002849 0.0003471 9.909e-05    0.1216   0.02574   0.04024
   144/299    0.461G     0.122   0.04121   0.04024    0.2035        18       416    0.3555  0.002849 0.0003694 9.467e-05    0.1217   0.02567   0.04029
   145/299    0.461G    0.1234   0.04143   0.04039    0.2052        18       416     0.354  0.002849 0.0003703 9.522e-05    0.1216    0.0257    0.0403
   146/299    0.461G    0.1228   0.04224   0.04053    0.2056        16       416    0.3538  0.002849 0.0003809 9.506e-05    0.1215    0.0258   0.04029
   147/299    0.461G     0.122   0.04216    0.0403    0.2045        18       416    0.3621  0.002849 0.0004131 0.0001152    0.1215   0.02583   0.04023
   148/299    0.461G    0.1233   0.04357   0.04057    0.2074        17       416    0.3573  0.002849 0.0003441 9.826e-05    0.1217   0.02572   0.04027
   149/299    0.461G    0.1224   0.04317   0.04035    0.2059        18       416    0.3573  0.002849 0.0003459 9.692e-05    0.1216   0.02571   0.04026
   150/299    0.461G    0.1216   0.04205   0.04028    0.2039        18       416    0.3559  0.002849 0.0003616 9.783e-05    0.1215    0.0258   0.04026
   151/299    0.461G    0.1234   0.04242   0.04063    0.2064        15       416    0.3568  0.002849 0.0004222  0.000103    0.1215   0.02574   0.04023
   152/299    0.461G    0.1232   0.04173   0.04023    0.2052        18       416    0.3581  0.002849 0.0003614 9.903e-05    0.1216   0.02566   0.04029
   153/299    0.461G    0.1226   0.04322   0.04029    0.2061        18       416    0.3571  0.002849 0.0003872 0.0001022    0.1215   0.02576    0.0403
   154/299    0.461G    0.1228    0.0431   0.04052    0.2064        17       416    0.3514  0.002849 0.0003721 8.635e-05    0.1214   0.02583   0.04023
   155/299    0.461G    0.1223   0.04173    0.0405    0.2046        24       416    0.3563  0.002849  0.000407 0.0001136    0.1215    0.0258   0.04026
   156/299    0.461G    0.1225   0.04218   0.04039     0.205        18       416    0.3548  0.002849 0.0003878 0.0001002    0.1216   0.02569   0.04029
   157/299    0.461G    0.1232   0.04242   0.04053    0.2062        17       416   0.01948  0.002849 0.0003554 8.767e-05    0.1215   0.02572   0.04026
   158/299    0.461G    0.1223    0.0428   0.04057    0.2057        18       416    0.3568  0.002849 0.0003545 0.0001017    0.1215    0.0258   0.04027
   159/299    0.461G    0.1222   0.04167    0.0403    0.2042        18       416    0.3595  0.002849 0.0003848 0.0001053    0.1215   0.02575   0.04027
   160/299    0.461G    0.1221   0.04281   0.04037    0.2053        18       416    0.3661  0.002849 0.0004056 0.0001209    0.1215   0.02574   0.04027
   161/299    0.461G     0.123    0.0424   0.04103    0.2065        15       416    0.3632  0.002849 0.0003759 0.0001102    0.1215    0.0257   0.04028
   162/299    0.461G    0.1234   0.04282   0.04064    0.2069        17       416     0.357  0.002849 0.0004077 0.0001018    0.1216   0.02569    0.0403
   163/299    0.461G    0.1228   0.04262   0.04071    0.2062        37       416    0.3634  0.002849 0.0003879 0.0001124    0.1216   0.02569   0.04029
   164/299    0.461G    0.1215   0.04317   0.04041    0.2051        18       416    0.3608  0.002849 0.0003901 0.0001078    0.1215   0.02575   0.04024
   165/299    0.461G    0.1221   0.04179   0.04048    0.2044        18       416    0.3684  0.002849 0.0004224 0.0001268    0.1215    0.0257   0.04028
   166/299    0.461G    0.1218    0.0428   0.04037     0.205        18       416    0.3562  0.002849 0.0003852 9.913e-05    0.1215   0.02577   0.04026
   167/299    0.461G    0.1223   0.04216   0.04041    0.2049        18       416    0.3565  0.002849 0.0003982 0.0001056    0.1215   0.02577   0.04026
   168/299    0.461G    0.1216   0.04344   0.04036    0.2054        18       416    0.3535  0.002849 0.0003305 8.765e-05    0.1215   0.02577   0.04029
   169/299    0.461G    0.1225   0.04253   0.04045    0.2054        17       416    0.3564  0.002849 0.0003904  0.000102    0.1215   0.02571   0.04028
   170/299    0.461G    0.1229   0.04277   0.04069    0.2064        22       416    0.3567  0.002849 0.0003734 0.0001042    0.1216   0.02572   0.04027
   171/299    0.461G     0.122   0.04307   0.04052    0.2056        18       416    0.3595  0.002849 0.0004227 0.0001132    0.1215   0.02581   0.04024
   172/299    0.461G    0.1222   0.04399   0.04062    0.2068        17       416    0.3636  0.002849 0.0003821 0.0001139    0.1214   0.02575   0.04026
   173/299    0.461G    0.1231   0.04372   0.04079    0.2076        24       416    0.3599  0.002849 0.0004082 0.0001097    0.1215   0.02575   0.04026
   174/299    0.461G    0.1236   0.04169   0.04059    0.2059        19       416     0.353  0.002849 0.0003819  9.46e-05    0.1215   0.02571   0.04025
   175/299    0.461G    0.1231   0.04386   0.04043    0.2074        18       416    0.3577  0.002849 0.0003954  0.000106    0.1215   0.02574   0.04027
   176/299    0.461G    0.1221   0.04324   0.04034    0.2056        32       416    0.3532  0.002849  0.000362 9.188e-05    0.1215   0.02569   0.04025
   177/299    0.461G    0.1227   0.04201   0.04048    0.2052        17       416    0.3608  0.002849   0.00036  0.000106    0.1214   0.02574   0.04032
   178/299    0.461G    0.1229    0.0427   0.04088    0.2064        22       416    0.3647  0.002849 0.0003676 0.0001132    0.1214   0.02576   0.04026
   179/299    0.461G    0.1228   0.04171   0.04066    0.2052        18       416    0.3677  0.002849  0.000433  0.000128    0.1214   0.02578   0.04024
   180/299    0.461G     0.123   0.04343   0.04048     0.207        63       416    0.3572  0.002849 0.0003641  9.89e-05    0.1215   0.02574   0.04023
   181/299    0.461G    0.1223   0.04213   0.04062    0.2051        18       416    0.3681  0.002849 0.0004553 0.0001422    0.1214   0.02577   0.04025
   182/299    0.461G    0.1218   0.04234   0.04012    0.2043        18       416     0.363  0.002849 0.0004103 0.0001159    0.1214   0.02573   0.04029
   183/299    0.461G    0.1219   0.04178   0.04015    0.2038        18       416    0.3618  0.002849 0.0004452 0.0001181    0.1214   0.02575   0.04023
   184/299    0.461G    0.1224   0.04131   0.04055    0.2043        18       416    0.3567  0.002849 0.0003727 9.996e-05    0.1214   0.02572   0.04028
   185/299    0.461G    0.1234   0.04444    0.0407    0.2085        17       416    0.3533  0.002849 0.0003483  9.52e-05    0.1215   0.02578   0.04023
   186/299    0.461G     0.123   0.04204   0.04053    0.2056        18       416    0.3581  0.002849 0.0003546 0.0001035    0.1214    0.0258   0.04026
   187/299    0.461G    0.1209   0.04214    0.0402    0.2032        18       416    0.3584  0.002849 0.0003723 0.0001012    0.1214   0.02579   0.04025
   188/299    0.461G    0.1229   0.04173    0.0405    0.2051        15       416    0.3561  0.002849 0.0003673 9.816e-05    0.1213   0.02584   0.04024
   189/299    0.461G    0.1228   0.04187   0.04045    0.2051         4       416    0.3696  0.002849 0.0004269 0.0001342    0.1213   0.02578   0.04025
   190/299    0.461G    0.1226   0.04198   0.04096    0.2056        17       416    0.3589  0.002849 0.0003809 0.0001095    0.1214   0.02578   0.04026
   191/299    0.461G    0.1234   0.04166   0.04052    0.2056        18       416    0.3683  0.002849 0.0004231 0.0001245    0.1214   0.02573   0.04027
   192/299    0.461G    0.1223   0.04183   0.04047    0.2046        18       416    0.3772  0.002849 0.0005308 0.0001617    0.1213   0.02576   0.04027
   193/299    0.461G    0.1226   0.04215   0.04059    0.2053        18       416    0.3648  0.002849 0.0004601 0.0001276    0.1213   0.02581   0.04023
   194/299    0.461G    0.1231   0.04259   0.04105    0.2068        14       416     0.372  0.002849 0.0004799  0.000141    0.1213   0.02584   0.04023
   195/299    0.461G    0.1225   0.04137   0.04061    0.2045        18       416     0.357  0.002849 0.0003981 0.0001093    0.1213   0.02586   0.04024
   196/299    0.461G    0.1224   0.04355   0.04046    0.2064         1       416    0.3635  0.002849 0.0004118 0.0001164    0.1215   0.02574   0.04026
   197/299    0.461G    0.1229   0.04267   0.04068    0.2062        16       416    0.3555  0.002849  0.000379 9.908e-05    0.1215   0.02573   0.04026
   198/299    0.461G    0.1232   0.04219   0.04054    0.2059        17       416      0.36  0.002849 0.0003922 0.0001093    0.1215   0.02573   0.04026
   199/299    0.461G    0.1222   0.04187   0.04045    0.2045        18       416    0.3642  0.002849 0.0004234 0.0001186    0.1214   0.02577   0.04025
   200/299    0.461G    0.1219   0.04292   0.04044    0.2053        18       416    0.3634  0.002849 0.0004156  0.000116    0.1214    0.0258   0.04025
   201/299    0.461G    0.1224   0.04303   0.04058     0.206        18       416    0.3544  0.002849 0.0003738  9.51e-05    0.1214   0.02576   0.04028
   202/299    0.461G    0.1228   0.04356   0.04035    0.2067        17       416    0.3509  0.002849 0.0003187 8.207e-05    0.1213   0.02582   0.04028
   203/299    0.461G    0.1227   0.04108   0.04046    0.2043        18       416    0.3578  0.002849 0.0003723 9.837e-05    0.1213    0.0258   0.04027
   204/299    0.461G    0.1228   0.04188   0.04031     0.205        18       416    0.3577  0.002849 0.0003849 0.0001026    0.1214   0.02579   0.04023
   205/299    0.461G    0.1229   0.04179    0.0406    0.2053         7       416    0.3533  0.002849 0.0003579  9.08e-05    0.1213   0.02582   0.04028
   206/299    0.461G    0.1228   0.04357   0.04049    0.2068        29       416    0.3533  0.002849  0.000348 8.952e-05    0.1212   0.02584   0.04023
   207/299    0.461G    0.1234   0.04277   0.04073    0.2069        16       416    0.3532  0.002849  0.000329 8.762e-05    0.1212    0.0259   0.04024
   208/299    0.461G    0.1218   0.04313   0.04055    0.2055        16       416    0.3578  0.002849 0.0004003 0.0001057    0.1212   0.02582   0.04026
   209/299    0.461G    0.1221   0.04288   0.04064    0.2056        18       416    0.3598  0.002849 0.0004084 0.0001125    0.1212   0.02588   0.04025
   210/299    0.461G    0.1217   0.04219   0.04026    0.2042        18       416    0.3633  0.002849 0.0004397 0.0001218    0.1212   0.02588   0.04025
   211/299    0.461G    0.1221   0.04203   0.04056    0.2047        18       416    0.3551  0.002849 0.0003514 9.567e-05    0.1211   0.02593   0.04022
   212/299    0.461G    0.1225   0.04178   0.04055    0.2048        18       416    0.3516  0.002849 0.0003717 8.925e-05    0.1211   0.02588   0.04025
   213/299    0.461G    0.1221   0.04212   0.04047    0.2046        18       416    0.3561  0.002849 0.0003622 0.0001002     0.121   0.02592   0.04026
   214/299    0.461G    0.1218   0.04258   0.04067    0.2051        18       416    0.3518  0.002849 0.0003472 8.787e-05    0.1211    0.0259   0.04028
   215/299    0.461G    0.1231   0.04252   0.04082    0.2064        16       416    0.3589  0.002849 0.0004098 0.0001146     0.121   0.02596   0.04028
   216/299    0.461G     0.123   0.04231   0.04038    0.2057        15       416    0.3566  0.002849 0.0003783 0.0001024    0.1211   0.02587   0.04026
   217/299    0.461G    0.1228   0.04274   0.04036    0.2059         6       416     0.357  0.002849 0.0003999 0.0001078     0.121   0.02591   0.04024
   218/299    0.461G    0.1223   0.04251   0.04057    0.2054        18       416    0.3565  0.002849 0.0003831 0.0001042     0.121   0.02595   0.04028
   219/299    0.461G    0.1224   0.04233   0.04035    0.2051        18       416    0.3599  0.002849 0.0004076 0.0001105    0.1211   0.02588   0.04028
   220/299    0.461G    0.1224   0.04195    0.0404    0.2048        13       416    0.3675  0.002849 0.0004401  0.000131     0.121   0.02588   0.04026
   221/299    0.461G    0.1222   0.04231   0.04053     0.205        18       416    0.3551  0.002849 0.0003734 9.411e-05     0.121   0.02592   0.04025
   222/299    0.461G    0.1232   0.04299   0.04049    0.2066        15       416    0.3545  0.002849 0.0003611 9.258e-05     0.121   0.02591   0.04025
   223/299    0.461G    0.1232   0.04199   0.04041    0.2056        16       416    0.3633  0.002849 0.0004457 0.0001217     0.121   0.02594   0.04022
   224/299    0.461G    0.1229   0.04255   0.04065    0.2061        16       416    0.3546  0.002849 0.0003261 9.058e-05     0.121   0.02594   0.04024
   225/299    0.461G    0.1215   0.04192   0.04035    0.2037        18       416    0.3562  0.002849 0.0004016 0.0001043     0.121   0.02584   0.04026
   226/299    0.461G    0.1218   0.04342   0.04065    0.2059        15       416    0.3604  0.002849 0.0003752 0.0001095     0.121   0.02594   0.04023
   227/299    0.461G    0.1221   0.04231   0.04022    0.2046        18       416    0.3543  0.002849 0.0003957 0.0001039     0.121   0.02593   0.04024
   228/299    0.461G    0.1219   0.04247   0.04086    0.2052        18       416    0.3613  0.002849 0.0003702 0.0001101     0.121   0.02598   0.04028
   229/299    0.461G    0.1226   0.04317    0.0404    0.2061        39       416    0.3579  0.002849 0.0003734 0.0001032    0.1209   0.02599   0.04025
   230/299    0.461G    0.1226   0.04231   0.04026    0.2052        15       416    0.3534  0.002849 0.0003515 9.361e-05    0.1209   0.02599   0.04025
   231/299    0.461G    0.1214   0.04131   0.04042    0.2032        18       416    0.3611  0.002849  0.000399 0.0001128     0.121   0.02598   0.04023
   232/299    0.461G    0.1231   0.04268   0.04058    0.2064        16       416    0.3626  0.002849 0.0003895 0.0001159     0.121   0.02592   0.04026
   233/299    0.461G    0.1228   0.04352   0.04054    0.2069        19       416    0.3548  0.002849 0.0003651 9.446e-05     0.121   0.02595   0.04024
   234/299    0.461G    0.1233   0.04327   0.04061    0.2072        15       416     0.358  0.002849 0.0004133 0.0001157     0.121   0.02592   0.04027
   235/299    0.461G    0.1218   0.04332   0.04039    0.2055        16       416    0.3607  0.002849 0.0004497 0.0001233    0.1209   0.02603   0.04022
   236/299    0.461G    0.1225   0.04286   0.04052    0.2058        18       416     0.361  0.002849 0.0004363 0.0001176     0.121   0.02598   0.04022
   237/299    0.461G    0.1223   0.04318   0.04069    0.2062        16       416    0.3554  0.002849 0.0003579 9.609e-05    0.1209   0.02598   0.04024
   238/299    0.461G     0.122   0.04374   0.04036    0.2061        20       416    0.3589  0.002849 0.0003874 0.0001062     0.121   0.02596   0.04025
   239/299    0.461G    0.1224   0.04332   0.04055    0.2063        11       416    0.3586  0.002849 0.0003947 0.0001033     0.121   0.02591   0.04025
   240/299    0.461G    0.1218   0.04335   0.04041    0.2056        15       416      0.36  0.002849 0.0003601 0.0001074     0.121   0.02598   0.04028
   241/299    0.461G    0.1222   0.04367   0.04014     0.206        17       416    0.3569  0.002849 0.0004025 0.0001053    0.1209   0.02596   0.04024
   242/299    0.461G    0.1216   0.04255   0.04058    0.2047        17       416    0.3604  0.002849 0.0003901 0.0001125    0.1209   0.02599   0.04026
   243/299    0.461G    0.1231   0.04283   0.04069    0.2066        17       416    0.3632  0.002849 0.0003991 0.0001152    0.1209   0.02598   0.04022
   244/299    0.461G    0.1216   0.04319   0.04042    0.2053         8       416    0.3589  0.002849 0.0003529 0.0001029    0.1209   0.02599   0.04024
   245/299    0.461G    0.1214   0.04204   0.04026    0.2037        18       416    0.3532  0.002849 0.0003774 9.563e-05    0.1209   0.02597   0.04023
   246/299    0.461G    0.1225   0.04291   0.04038    0.2058        15       416    0.3575  0.002849 0.0003884 0.0001054    0.1209   0.02603   0.04025
   247/299    0.461G    0.1222   0.04312    0.0407    0.2061        16       416    0.3604  0.002849 0.0003671 0.0001077    0.1209     0.026   0.04021
   248/299    0.461G    0.1218   0.04142   0.04037    0.2036        18       416    0.3566  0.002849 0.0003681 9.783e-05     0.121   0.02589   0.04026
   249/299    0.461G    0.1223   0.04217   0.04072    0.2052        17       416    0.3605  0.002849 0.0003973 0.0001125    0.1209   0.02594   0.04022
   250/299    0.461G    0.1228   0.04326   0.04074    0.2068        15       416    0.3546  0.002849 0.0003778    0.0001    0.1209   0.02598   0.04023
   251/299    0.461G    0.1216   0.04357   0.04033    0.2055        18       416     0.365  0.002849 0.0004303 0.0001272    0.1209     0.026   0.04021
   252/299    0.461G    0.1218   0.04209   0.04032    0.2042        13       416    0.3518  0.002849 0.0003297 8.317e-05    0.1209   0.02601   0.04026
   253/299    0.461G    0.1225   0.04403   0.04058    0.2071        15       416     0.354  0.002849 0.0003255 9.394e-05    0.1208   0.02602   0.04026
   254/299    0.461G    0.1224   0.04343   0.04048    0.2063        18       416    0.3555  0.002849 0.0003635 9.917e-05    0.1209     0.026   0.04026
   255/299    0.461G    0.1223   0.04397    0.0405    0.2068        14       416    0.3617  0.002849 0.0004067 0.0001137    0.1209     0.026   0.04023
   256/299    0.461G    0.1221    0.0438    0.0404    0.2063        18       416    0.3598  0.002849 0.0004088 0.0001081    0.1209   0.02598   0.04024
   257/299    0.461G    0.1223   0.04367   0.04063    0.2066        15       416    0.3586  0.002849 0.0003667 0.0001063    0.1208   0.02606   0.04024
   258/299    0.461G    0.1216   0.04321   0.04035    0.2052        18       416    0.3646  0.002849 0.0004062 0.0001188    0.1209   0.02604   0.04025
   259/299    0.461G    0.1212   0.04289   0.04039    0.2045        18       416    0.3605  0.002849 0.0004072 0.0001166    0.1208   0.02606   0.04024
   260/299    0.461G    0.1226   0.04427   0.04072    0.2076        15       416    0.3606  0.002849 0.0003544 0.0001089    0.1208    0.0261   0.04025
   261/299    0.461G    0.1217   0.04391   0.04034    0.2059        18       416    0.3504  0.002849 0.0003067 8.652e-05    0.1208   0.02602   0.04028
   262/299    0.461G    0.1221   0.04288   0.04036    0.2053        24       416    0.3548  0.002849 0.0003795 0.0001073    0.1209   0.02603   0.04026
   263/299    0.461G     0.122   0.04375   0.04062    0.2064        18       416    0.3537  0.002849 0.0003744 9.784e-05    0.1209   0.02599   0.04024
   264/299    0.461G    0.1224   0.04321   0.04074    0.2063        15       416    0.3573  0.002849 0.0003543 0.0001005    0.1209   0.02602   0.04025
   265/299    0.461G    0.1225   0.04296   0.04076    0.2062        15       416    0.3568  0.002849 0.0003527 9.814e-05    0.1209   0.02598   0.04028
   266/299    0.461G    0.1214   0.04312   0.04048     0.205        18       416     0.358  0.002849 0.0003719 0.0001074    0.1209     0.026   0.04022
   267/299    0.461G    0.1221   0.04335   0.04045     0.206        18       416    0.3579  0.002849 0.0003569 0.0001052    0.1208   0.02606   0.04022
   268/299    0.461G    0.1223   0.04263   0.04052    0.2054        18       416    0.3577  0.002849 0.0003438 9.985e-05    0.1209   0.02601   0.04022
   269/299    0.461G     0.123   0.04279   0.04065    0.2064        22       416    0.3532  0.002849 0.0003268 9.115e-05    0.1209   0.02602   0.04027
   270/299    0.461G    0.1228    0.0427   0.04078    0.2063        15       416    0.3521  0.002849 0.0003439 9.156e-05    0.1209   0.02596   0.04026
   271/299    0.461G     0.123   0.04402   0.04072    0.2077        12       416    0.3621  0.002849 0.0003998 0.0001221    0.1208   0.02605   0.04024
   272/299    0.461G    0.1226   0.04185   0.04042    0.2048        17       416     0.356  0.002849 0.0003709 0.0001021    0.1209   0.02594   0.04029
   273/299    0.461G    0.1226   0.04311   0.04054    0.2063        19       416    0.3562  0.002849 0.0003763 0.0001052    0.1208   0.02599   0.04027
   274/299    0.461G    0.1222   0.04323   0.04052    0.2059        18       416    0.3696  0.002849 0.0004439 0.0001371    0.1208   0.02601   0.04022
   275/299    0.461G    0.1229    0.0427   0.04047    0.2061        18       416      0.36  0.002849 0.0003921 0.0001118    0.1209   0.02597   0.04028
   276/299    0.461G    0.1217   0.04243   0.04054    0.2046        16       416    0.3523  0.002849 0.0003362 8.971e-05    0.1209     0.026   0.04029
   277/299    0.461G    0.1221   0.04225   0.04046    0.2048         9       416    0.3541  0.002849 0.0003216 9.042e-05    0.1208   0.02604   0.04025
   278/299    0.461G    0.1222   0.04353   0.04034    0.2061         4       416    0.3562  0.002849 0.0003485 9.924e-05    0.1208   0.02603   0.04024
   279/299    0.461G    0.1227   0.04384   0.04058    0.2071        29       416    0.3652  0.002849 0.0004303 0.0001274    0.1208   0.02604   0.04025
   280/299    0.461G    0.1227   0.04392   0.04067    0.2073        15       416    0.3548  0.002849 0.0003316 8.961e-05    0.1208   0.02601   0.04025
   281/299    0.461G    0.1223   0.04297   0.04054    0.2058        18       416    0.3593  0.002849 0.0004068 0.0001153    0.1209   0.02597   0.04026
   282/299    0.461G    0.1225   0.04315   0.04069    0.2063        14       416     0.354  0.002849 0.0003526 9.794e-05    0.1208   0.02604   0.04024
   283/299    0.461G    0.1222   0.04354   0.04074    0.2064        14       416    0.3546  0.002849 0.0003865 9.878e-05    0.1208   0.02603   0.04023
   284/299    0.461G    0.1212   0.04318   0.04047    0.2049        17       416    0.3554  0.002849 0.0003406 9.501e-05    0.1208   0.02603   0.04024
   285/299    0.461G    0.1214   0.04248   0.04028    0.2042        18       416    0.3529  0.002849 0.0003424 9.181e-05    0.1208   0.02601   0.04024
   286/299    0.461G    0.1214   0.04373   0.04056    0.2057        18       416    0.3504  0.002849 0.0003585 8.637e-05    0.1207   0.02606   0.04022
   287/299    0.461G    0.1219   0.04348   0.04029    0.2057        18       416    0.3535  0.002849  0.000338 9.269e-05    0.1207   0.02611   0.04021
   288/299    0.461G     0.123   0.04262   0.04068    0.2063        17       416    0.3573  0.002849 0.0003719 0.0001015    0.1208   0.02601   0.04024
   289/299    0.461G    0.1218   0.04379   0.04023    0.2058        18       416    0.3553  0.002849 0.0003327 9.493e-05    0.1208   0.02609   0.04026
   290/299    0.461G    0.1218   0.04196   0.04044    0.2042        18       416    0.3589  0.002849 0.0003863 0.0001096    0.1208   0.02603   0.04025
   291/299    0.461G    0.1224    0.0424    0.0407    0.2054        18       416    0.3568  0.002849 0.0003867 0.0001004    0.1208     0.026   0.04023
   292/299    0.461G    0.1218   0.04277   0.04023    0.2048        18       416    0.3682  0.002849 0.0004251 0.0001285    0.1207   0.02605   0.04023
   293/299    0.461G    0.1223     0.044   0.04061    0.2069        28       416    0.3584  0.002849 0.0004022 0.0001087    0.1207   0.02606   0.04021
   294/299    0.461G    0.1225   0.04277   0.04072     0.206        14       416    0.3557  0.002849 0.0003742 0.0001003    0.1207   0.02609   0.04023
   295/299    0.461G    0.1227   0.04324   0.04066    0.2066        15       416    0.3571  0.002849 0.0003853 0.0001058    0.1208   0.02604   0.04025
   296/299    0.461G    0.1214   0.04314   0.04005    0.2046        18       416    0.3552  0.002849 0.0003336 9.563e-05    0.1208   0.02599   0.04024
   297/299    0.461G    0.1218   0.04451   0.04056    0.2069        16       416    0.3518  0.002849 0.0003581 9.166e-05    0.1208     0.026   0.04022
   298/299    0.461G    0.1222   0.04256   0.04072    0.2055        18       416    0.3627  0.002849 0.0004334 0.0001274    0.1208     0.026   0.04023
   299/299    0.461G    0.1226   0.04358   0.04077     0.207        14       416     0.358  0.002849 0.0003761 0.0001038    0.1207    0.0261   0.04021
